8606270
8606271
...
11011962
11044148
11165770
12013208
12686722
12687026
12768311
13011030
13422453
13568361
13619464
13626480
13634906
14541288
14588774
14939867
14977063
15035183
15071958
15192422
15204338
15443596
15450850
15533697
15747042
15747545
15757734
15763512
15780139
15784494
15886546
16296160
16325953
16547257
16593080
16725103
17545420
17554985
17657368
17811913
17828395
18055578
18055714
18128327
18136250
18203178
18782348
18912518
18928035
19007256
19196237
19285412
21814019
22765627
22892229
22892230
...
23075586
23076640
24107158
24468175
24485724
